,index,emd_ani_sal,emd_ani_gaze,label
0,418,0.24497482180595398,1.7762024402618408,1
1,419,0.6300272941589355,1.7723373174667358,1
2,420,0.2719845175743103,1.9981391429901123,1
3,421,0.7443928718566895,1.9981391429901123,1
4,422,0.3352451026439667,1.9981391429901123,1
5,423,0.7423751950263977,1.8851749897003174,1
6,424,0.36711832880973816,1.9338209629058838,1
7,425,0.2670662999153137,1.9338209629058838,1
8,426,0.4559294879436493,1.9888958930969238,1
9,427,0.28246837854385376,1.9733364582061768,1
10,428,0.3636074364185333,1.9320616722106934,1
11,429,0.20328816771507263,1.9896365404129028,1
12,430,0.5005136728286743,1.9896365404129028,1
13,431,0.25417593121528625,1.8274271488189697,1
14,432,0.4750095009803772,1.8274271488189697,1
15,433,0.24302996695041656,1.9259893894195557,1
16,434,0.3421907126903534,1.9259893894195557,1
17,435,0.2102491408586502,1.3014191389083862,1
18,436,0.14949218928813934,1.2940988540649414,1
19,437,0.30227139592170715,1.2612478733062744,1
20,438,0.10643575340509415,0.9610643982887268,1
21,439,0.2602829337120056,9.914393012877554e-05,1
22,440,0.0613442100584507,9.91273409454152e-05,1
23,441,0.33310380578041077,0.3543857932090759,1
24,442,0.16260066628456116,0.4859030842781067,1
25,443,0.20758043229579926,0.44912511110305786,1
26,444,0.2088121771812439,0.39505669474601746,1
27,445,0.12096352875232697,0.39505669474601746,1
28,446,0.09613686800003052,0.479339063167572,1
29,447,0.021285975351929665,0.479339063167572,1
30,448,0.028272118419408798,1.0628212690353394,1
31,449,0.03980754688382149,1.0657200813293457,1
32,450,0.013610810041427612,1.3076473474502563,1
33,451,0.031228957697749138,1.6217437982559204,1
34,452,0.00634316960349679,1.6217437982559204,1
35,453,0.06352630257606506,1.6217437982559204,1
36,454,0.022446896880865097,1.3462306261062622,1
37,455,0.12472055852413177,1.3462306261062622,1
38,456,0.013574771583080292,1.4412816762924194,1
39,457,0.09840942174196243,1.4412816762924194,1
40,458,0.015775302425026894,1.4768126010894775,1
41,459,0.07617709785699844,1.204415202140808,1
42,460,0.0229949951171875,1.204415202140808,1
43,461,0.019107947126030922,1.601448655128479,1
44,462,0.03179892525076866,1.6004265546798706,1
45,463,0.0026961141265928745,2.3818297386169434,1
46,464,0.0596025250852108,1.9084233045578003,1
47,465,0.0159464068710804,1.9084233045578003,1
48,466,0.11516624689102173,1.8760247230529785,1
49,467,0.010870029218494892,1.862526297569275,1
50,468,0.11763344705104828,1.862526297569275,1
51,469,0.01937786489725113,0.9611271023750305,1
52,470,0.04991060867905617,0.9146471619606018,1
53,471,0.06025761365890503,0.9155952334403992,1
54,472,0.06020789220929146,1.0982210636138916,1
55,473,0.04754802584648132,1.0982210636138916,1
56,474,0.07913127541542053,0.9737260341644287,1
57,475,0.12598586082458496,0.8974695205688477,1
58,476,0.11027141660451889,0.8952502608299255,1
59,477,0.1940089613199234,0.8784217834472656,1
60,478,0.09226053208112717,0.8784217834472656,1
61,479,0.2212887853384018,0.9138056039810181,1
62,480,0.07782459259033203,1.5666639804840088,1
63,481,0.10470566898584366,1.6593540906906128,1
64,482,0.09459174424409866,1.6593540906906128,1
65,483,0.07447220385074615,1.696211814880371,1
66,484,0.07690687477588654,1.5732142925262451,1
67,485,0.1586960405111313,1.5732142925262451,1
68,486,0.28276360034942627,1.6262112855911255,1
69,487,0.29477041959762573,1.454254150390625,1
70,488,0.18797573447227478,1.454254150390625,1
71,489,0.26309922337532043,1.5201529264450073,1
72,490,0.2753608226776123,1.5201529264450073,1
73,491,0.3646649420261383,1.5800997018814087,1
74,492,0.10741959512233734,1.5800997018814087,1
75,493,0.3330928087234497,2.1327526569366455,1
76,494,0.09081296622753143,2.1264896392822266,1
77,495,0.2696027159690857,2.104153871536255,1
78,496,0.1464443951845169,2.104153871536255,1
79,497,0.2855890393257141,1.9702457189559937,1
80,498,0.1704467535018921,1.9702457189559937,1
81,499,0.31248602271080017,1.9511936902999878,1
82,500,0.22831037640571594,1.8883299827575684,1
83,501,0.3886083960533142,1.8883299827575684,1
84,502,0.19542768597602844,1.8569912910461426,1
85,503,0.1899738311767578,1.8612359762191772,1
86,504,0.19048663973808289,1.8049861192703247,1
87,505,0.09248996526002884,1.6731640100479126,1
88,506,0.17977185547351837,1.6054887771606445,1
89,507,0.08502946048974991,1.611770510673523,1
90,508,0.34023988246917725,1.6379687786102295,1
91,509,0.10032625496387482,1.6379687786102295,1
92,510,0.3675696849822998,1.69270658493042,1
93,511,0.17413243651390076,1.69270658493042,1
94,512,0.4207729399204254,1.8228437900543213,1
95,513,0.1612084060907364,1.8130319118499756,1
96,514,0.1531871110200882,1.8130319118499756,1
97,515,0.14801627397537231,1.8188005685806274,1
98,516,0.11874837428331375,1.8188005685806274,1
99,517,0.07514513283967972,1.728498101234436,1
100,518,0.13554148375988007,1.8132600784301758,1
101,519,0.12524676322937012,1.9064364433288574,1
102,520,0.21205538511276245,1.9450784921646118,1
103,521,0.16089627146720886,1.9450784921646118,1
104,522,0.11472378671169281,2.090853452682495,1
105,523,0.22683139145374298,2.122802734375,1
106,524,0.2950597405433655,2.122802734375,1
107,525,0.07278699427843094,3.1494908332824707,1
108,526,0.13381071388721466,3.159071683883667,1
109,527,0.057059310376644135,3.1109704971313477,1
110,528,0.06644181162118912,3.1208155155181885,1
111,529,0.04369743540883064,3.124493360519409,1
112,530,0.1414320468902588,3.1096315383911133,1
113,531,0.07029307633638382,3.1096315383911133,1
114,532,0.39328473806381226,3.112983465194702,1
115,533,0.18710272014141083,3.1199989318847656,1
116,534,0.5308215022087097,3.091506004333496,1
117,535,0.29105550050735474,3.080151319503784,1
118,536,0.22361834347248077,3.0642757415771484,1
119,537,0.3276977241039276,3.0979204177856445,1
120,538,0.12909390032291412,3.100628137588501,1
121,539,0.3915334641933441,3.1426994800567627,1
122,540,0.09934599697589874,3.135582447052002,1
123,541,0.5779673457145691,3.2152998447418213,1
124,542,0.09101010859012604,3.214024066925049,1
125,543,0.9081838726997375,3.203244924545288,1
126,544,0.20854046940803528,3.6802618503570557,1
127,545,0.7600097060203552,3.7142996788024902,1
128,546,0.1340177357196808,3.7142996788024902,1
129,547,0.4095860421657562,3.6433777809143066,1
130,548,0.24291832745075226,3.6433777809143066,1
131,549,0.2819638252258301,3.680302858352661,1
132,550,0.3264714479446411,3.680302858352661,1
133,551,0.19120797514915466,3.6307389736175537,1
134,552,0.4782409369945526,3.6207454204559326,1
135,553,0.2935238182544708,3.649463176727295,1
136,554,0.4683903455734253,3.649463176727295,1
137,555,0.42036566138267517,3.660386562347412,1
138,556,0.5468650460243225,3.613145589828491,1
139,557,0.3867083489894867,3.6034743785858154,1
140,558,0.37973836064338684,3.6034743785858154,1
141,559,0.22339704632759094,3.6963579654693604,1
142,560,0.3074461817741394,3.6963579654693604,1
143,561,0.19958506524562836,2.98771595954895,1
144,562,0.3070249855518341,2.8867433071136475,1
145,563,0.12352805584669113,2.8376972675323486,1
146,564,0.38247111439704895,2.836348295211792,1
147,565,0.07218009978532791,2.9512665271759033,1
148,566,0.4764162003993988,2.9513721466064453,1
149,567,0.08624380081892014,3.027909517288208,1
150,568,0.45028167963027954,3.0206265449523926,1
151,569,0.13439823687076569,3.0529096126556396,1
152,570,0.20882773399353027,3.014737844467163,1
153,571,0.16504742205142975,3.014737844467163,1
154,572,0.2662612199783325,3.018374443054199,1
155,573,0.39232197403907776,3.018374443054199,1
156,574,0.14944307506084442,3.0264859199523926,1
157,575,0.6278854012489319,2.9651052951812744,1
158,576,0.4439876675605774,2.9651052951812744,1
159,577,0.5400481820106506,1.696639895439148,1
160,578,0.25408628582954407,1.696639895439148,1
161,579,0.5657169818878174,1.4847851991653442,1
162,580,0.3698437213897705,1.3821139335632324,1
163,581,0.3332693874835968,1.3821139335632324,1
164,582,0.3524375855922699,1.4052600860595703,1
165,583,0.32619690895080566,1.423441767692566,1
166,584,0.47650450468063354,1.423441767692566,1
167,585,0.30042600631713867,1.4242535829544067,1
168,586,0.5355463624000549,1.4242535829544067,1
169,587,0.43413010239601135,1.4048047065734863,1
170,588,0.5288742780685425,1.4048047065734863,1
171,589,0.5296911001205444,1.4390678405761719,1
172,590,0.6443881988525391,1.4423264265060425,1
173,591,0.5283464193344116,1.4423264265060425,1
174,592,0.40525004267692566,1.4263617992401123,1
175,593,0.40402698516845703,1.4263617992401123,1
176,594,0.3736468553543091,1.4508700370788574,1
177,595,0.5177751183509827,1.4508700370788574,1
178,596,0.3343161344528198,1.5450994968414307,1
179,597,0.613139271736145,1.5698729753494263,1
180,598,0.4161865711212158,1.5698729753494263,1
181,599,0.6195645928382874,1.5592756271362305,1
182,600,0.5408048629760742,1.4663395881652832,1
183,601,0.6159284114837646,1.4663395881652832,1
184,602,0.4887913465499878,1.5732076168060303,1
185,603,0.4009832739830017,1.5732076168060303,1
186,604,0.5358862280845642,1.721398949623108,1
187,605,0.3886280953884125,1.721398949623108,1
188,606,0.49522557854652405,2.9167141914367676,1
189,607,0.3968616724014282,2.9167141914367676,1
190,608,0.6600635647773743,2.665661334991455,1
191,609,0.4662781059741974,2.6823413372039795,1
192,610,0.6454668641090393,2.549595355987549,1
193,611,0.43339425325393677,2.549595355987549,1
194,612,0.7244633436203003,2.5118796825408936,1
195,613,0.652005672454834,2.5118796825408936,1
196,614,0.5136528611183167,2.490661859512329,1
197,615,0.6452322006225586,2.490661859512329,1
198,616,0.4541662037372589,2.2846148014068604,1
199,617,0.5399443507194519,2.2846148014068604,1
200,618,0.5075056552886963,2.402609348297119,1
201,619,0.8246076703071594,2.4075562953948975,1
202,620,0.6011831164360046,2.4515702724456787,1
203,621,0.8435519337654114,2.545858383178711,1
204,622,0.5491376519203186,2.5777196884155273,1
205,623,0.7938200235366821,2.5711212158203125,1
206,624,0.6472476720809937,2.532452344894409,1
207,625,0.5298407673835754,2.5279300212860107,1
208,626,0.616531252861023,2.5653319358825684,1
209,627,0.5209174752235413,2.5653319358825684,1
210,628,0.6050149202346802,2.569275379180908,1
211,629,0.5132948160171509,2.5553348064422607,1
212,630,0.8290147185325623,2.5553348064422607,1
213,631,0.7233684062957764,2.496826410293579,1
214,632,0.7044118046760559,2.496826410293579,1
215,633,0.9353271126747131,2.496826410293579,1
216,634,0.7320142984390259,1.87043297290802,1
217,635,0.7680149674415588,2.6002843379974365,1
218,636,0.3514407277107239,2.6002843379974365,1
219,637,0.6806644797325134,2.6071112155914307,1
220,638,0.37662315368652344,2.571779489517212,1
221,639,0.689439594745636,2.571779489517212,1
222,640,0.42070239782333374,2.200880289077759,1
223,641,0.7991701364517212,2.110579013824463,1
224,642,0.4684698283672333,2.110579013824463,1
225,643,0.8518563508987427,2.198011636734009,1
226,644,0.6280564069747925,2.216977596282959,1
227,645,0.7119413614273071,2.216977596282959,1
228,646,0.44398847222328186,2.3121657371520996,1
229,647,0.4622496962547302,2.3121657371520996,1
230,648,0.4882694482803345,2.3719990253448486,1
231,649,0.44591590762138367,2.3719990253448486,1
232,650,0.33992114663124084,2.229684829711914,1
233,651,0.39835911989212036,2.229684829711914,1
234,652,0.3605823814868927,2.214618444442749,1
235,653,0.5431823134422302,2.214618444442749,1
236,654,0.3658981919288635,2.1583003997802734,1
237,655,0.37459370493888855,2.1583003997802734,1
238,656,0.22406286001205444,2.2489216327667236,1
239,657,0.28573107719421387,2.2489216327667236,1
240,658,0.19769716262817383,2.0586516857147217,1
241,659,0.2653822898864746,2.0586516857147217,1
242,660,0.16376174986362457,1.8936504125595093,1
243,661,0.1713276207447052,1.8936504125595093,1
244,662,0.10456909984350204,1.6015377044677734,1
245,663,0.14507246017456055,1.6015377044677734,1
246,664,0.1172168105840683,0.49021583795547485,1
247,665,0.1817372590303421,1.108812689781189,1
248,666,0.09033049643039703,1.108812689781189,1
249,667,0.1316387951374054,0.5529823303222656,1
250,668,0.09086023271083832,0.5529823303222656,1
251,669,0.07282253354787827,0.46469026803970337,1
252,670,0.08703639358282089,0.46469026803970337,1
253,671,0.07108455896377563,0.4128124713897705,1
254,672,0.08919543772935867,0.4128124713897705,1
255,673,0.09338272362947464,0.3298918604850769,1
256,674,0.055184222757816315,0.3100355267524719,1
257,675,0.03640983626246452,0.22859445214271545,1
258,676,0.04259553179144859,0.22859445214271545,1
259,677,0.07217320054769516,0.2260642945766449,1
260,678,0.0512966513633728,1.5001572370529175,1
261,679,0.10847072303295135,1.6066837310791016,1
262,680,0.12003031373023987,1.6066837310791016,1
263,681,0.02665962278842926,1.7263413667678833,1
264,682,0.08787313103675842,1.759098768234253,1
265,683,0.05645183473825455,1.7653800249099731,1
266,684,0.1641131341457367,1.5108668804168701,1
267,685,0.08615634590387344,1.5108668804168701,1
268,686,0.09622278809547424,1.4516565799713135,1
269,687,0.03928782790899277,1.3844125270843506,1
270,688,0.05242886766791344,1.3815369606018066,1
271,689,0.05443134903907776,1.301162600517273,1
272,690,0.07193583250045776,1.301162600517273,1
273,691,0.049955904483795166,1.2178500890731812,1
274,692,0.06951937824487686,1.0873231887817383,1
275,693,0.08781652897596359,1.0873231887817383,1
276,694,0.0381208099424839,1.0636727809906006,1
277,695,0.041993796825408936,1.0636727809906006,1
278,696,0.04338555783033371,1.323986530303955,1
279,697,0.03584703058004379,1.323986530303955,1
280,698,0.04837535321712494,0.9291549324989319,1
281,699,0.03498649597167969,0.8467132449150085,1
282,700,0.032085876911878586,0.8467132449150085,1
283,701,0.0545932911336422,0.8808191418647766,1
284,702,0.04381977394223213,0.8808191418647766,1
285,703,0.031338922679424286,1.2232862710952759,0
286,704,0.03506835922598839,1.137616515159607,0
287,705,0.04408852383494377,1.137616515159607,0
288,706,0.046463459730148315,1.0782126188278198,0
289,707,0.06764351576566696,1.0782126188278198,0
290,708,0.059469468891620636,1.116481900215149,0
291,709,0.03903007134795189,1.116481900215149,0
292,710,0.058654747903347015,1.1640037298202515,0
293,711,0.052674468606710434,1.172290325164795,0
294,712,0.04064842313528061,1.1317514181137085,0
295,713,0.028891343623399734,1.1566410064697266,0
296,714,0.025845574215054512,1.105469822883606,0
297,715,0.02897176891565323,1.105469822883606,0
298,716,0.025480248034000397,1.3040497303009033,0
299,717,0.0366935208439827,1.3031164407730103,0
300,718,0.035259779542684555,1.2267441749572754,0
301,719,0.03648681566119194,1.2267441749572754,0
302,720,0.019231343641877174,1.3043798208236694,0
303,721,0.056438274681568146,1.1933735609054565,0
304,722,0.010592424310743809,1.1933735609054565,0
305,723,0.03852198272943497,1.1933735609054565,0
306,724,0.010075702331960201,1.7299776077270508,0
307,725,0.0422816164791584,1.7299776077270508,0
308,726,0.025140507146716118,1.5889923572540283,0
309,727,0.041368018835783005,1.8429993391036987,0
310,728,0.019780563190579414,1.8429993391036987,0
311,729,0.061985261738300323,1.797211766242981,0
312,730,0.014155666343867779,1.797211766242981,0
313,731,0.0543881319463253,1.8702499866485596,0
314,732,0.017947716638445854,1.786621332168579,0
315,733,0.043192289769649506,1.786621332168579,0
316,734,0.03148297592997551,3.334590196609497,0
317,735,0.044560614973306656,3.3239288330078125,0
318,736,0.012066399678587914,3.2086141109466553,0
319,737,0.03423692658543587,3.2318713665008545,0
320,738,0.04236437752842903,3.2250118255615234,0
321,739,0.0670967623591423,3.2358715534210205,0
322,740,0.05400834232568741,3.2365434169769287,0
323,741,0.13655832409858704,3.2365434169769287,0
324,742,0.03343963623046875,3.265580892562866,0
325,743,0.1467139571905136,3.265580892562866,0
326,744,0.025932088494300842,3.2141709327697754,0
327,745,0.05849365144968033,3.196956157684326,0
328,746,0.07654201984405518,3.196956157684326,0
329,747,0.02539682202041149,3.162379264831543,0
330,748,0.06460089981555939,3.162379264831543,0
331,749,0.04585080221295357,3.0038230419158936,0
332,750,0.0472857728600502,3.2248315811157227,0
333,751,0.1039847806096077,3.2248315811157227,0
334,752,0.04632887244224548,3.2401282787323,0
335,753,0.07307656854391098,3.17948842048645,0
336,754,0.045192964375019073,3.17948842048645,0
337,755,0.055754657834768295,3.092292070388794,0
338,756,0.057393044233322144,3.142230272293091,0
339,757,0.14787104725837708,2.921006441116333,0
340,758,0.045085448771715164,3.2082197666168213,0
341,759,0.1190248429775238,3.2082197666168213,0
342,760,0.055683113634586334,2.7004153728485107,0
343,761,0.09938983619213104,2.040802240371704,0
344,762,0.07536723464727402,2.040802240371704,0
345,763,0.06997901201248169,2.057652235031128,0
346,764,0.07564832270145416,2.057652235031128,0
347,765,0.05593979358673096,1.9271113872528076,0
348,766,0.025660885497927666,1.9271113872528076,0
349,767,0.03599635511636734,1.8805500268936157,0
350,768,0.06979119032621384,1.8171383142471313,0
351,769,0.01909182034432888,1.7635384798049927,0
352,770,0.03898898512125015,1.7635384798049927,0
353,771,0.04298989847302437,1.7737181186676025,0
354,772,0.018819697201251984,1.7737181186676025,0
355,773,0.030315160751342773,1.919313907623291,0
356,774,0.01133190281689167,1.919313907623291,0
357,775,0.04473759979009628,2.842513084411621,0
358,776,0.024257004261016846,3.065613269805908,0
359,777,0.009521787986159325,3.065613269805908,0
360,778,0.0077683934941887856,2.998138904571533,0
361,779,0.014652951620519161,2.998138904571533,0
362,780,0.004672772716730833,2.998138904571533,0
363,781,0.024406960234045982,3.1148338317871094,0
364,782,0.006747187580913305,3.1148338317871094,0
365,783,0.053050462156534195,2.9942076206207275,0
366,784,0.011684433557093143,2.4268503189086914,0
367,785,0.019738927483558655,2.4268503189086914,0
368,786,0.017913049086928368,2.272287130355835,0
369,787,0.048064589500427246,2.272287130355835,0
370,788,0.0714203268289566,2.272287130355835,0
371,789,0.04859142377972603,2.3147237300872803,0
372,790,0.04130750522017479,2.361734390258789,0
373,791,0.02892214246094227,2.361734390258789,0
374,792,0.027195297181606293,2.389338493347168,0
375,793,0.06679227948188782,2.40736722946167,0
376,794,0.018498191609978676,2.3612754344940186,0
377,795,0.044638607650995255,2.3612754344940186,0
378,796,0.05976937711238861,2.3302361965179443,0
379,797,0.04201537370681763,1.7229347229003906,0
380,798,0.021089984104037285,1.7229347229003906,0
381,799,0.05201340466737747,1.4942920207977295,0
382,800,0.017594145610928535,1.4942920207977295,0
383,801,0.05868934467434883,1.518218755722046,0
384,802,0.03406260907649994,1.5192136764526367,0
385,803,0.03378962725400925,2.297562837600708,0
386,804,0.038356050848960876,2.297562837600708,0
387,805,0.013742179609835148,2.292846918106079,0
388,806,0.02971864677965641,2.355102300643921,0
389,807,0.014718085527420044,2.355102300643921,0
390,808,0.04958473891019821,2.346764087677002,0
391,809,0.047645825892686844,2.3288238048553467,0
392,810,0.03914949297904968,2.3288238048553467,0
393,811,0.05582956224679947,0.6022188663482666,0
394,812,0.05664829537272453,1.4984854459762573,0
395,813,0.07570017874240875,1.4984854459762573,0
396,814,0.023506851866841316,1.9271748065948486,0
397,815,0.10254332423210144,1.933933973312378,0
398,816,0.03527122735977173,1.8231254816055298,0
399,817,0.11959736049175262,1.8231254816055298,0
400,818,0.05876839533448219,1.6030997037887573,0
401,819,0.15996649861335754,2.1483154296875,0
402,820,0.09148260951042175,2.1483154296875,0
403,821,0.21487189829349518,1.924662470817566,0
404,822,0.08771061152219772,1.924662470817566,0
405,823,0.14076119661331177,2.034271717071533,0
406,824,0.10913325846195221,2.034271717071533,0
407,825,0.08154937624931335,2.047600746154785,0
408,826,0.10437287390232086,2.0535976886749268,0
409,827,0.060726240277290344,2.342735767364502,0
410,828,0.15943364799022675,2.3507158756256104,0
411,829,0.11126162856817245,2.996222734451294,0
412,830,0.11624675989151001,2.9498651027679443,0
413,831,0.05571998655796051,2.9498651027679443,0
414,832,0.14188040792942047,3.030341386795044,0
415,833,0.05845257639884949,3.0690481662750244,0
416,834,0.1330937147140503,3.0501718521118164,0
417,835,0.0556289479136467,2.932736396789551,0
418,836,0.09186837077140808,2.836625576019287,0
419,837,0.10287178307771683,2.836625576019287,0
420,838,0.11594747751951218,3.805095672607422,0
421,839,0.1866787225008011,3.805095672607422,0
422,840,0.07608367502689362,4.033143043518066,0
423,841,0.13934823870658875,3.8628835678100586,0
424,842,0.06816546618938446,3.8766636848449707,0
425,843,0.11889411509037018,3.797532320022583,0
426,844,0.06801312416791916,3.797532320022583,0
427,845,0.06928500533103943,3.631821870803833,0
428,846,0.08801086992025375,3.631821870803833,0
429,847,0.04239886626601219,3.491119861602783,0
430,848,0.049077216535806656,3.35453200340271,0
431,849,0.016253598034381866,3.4336681365966797,0
432,850,0.04187244549393654,3.4336681365966797,0
433,851,0.06807500869035721,3.3723196983337402,0
434,852,0.03860636055469513,3.4218671321868896,0
435,853,0.04640098288655281,3.4218671321868896,0
436,854,0.07905468344688416,3.637840509414673,0
437,855,0.05715107172727585,4.40863561630249,0
438,856,0.13228143751621246,4.40863561630249,0
439,857,0.062161579728126526,4.5991387367248535,0
440,858,0.07109135389328003,4.5991387367248535,0
441,859,0.05451425537467003,4.5562286376953125,0
442,860,0.09496182948350906,4.542017459869385,0
443,861,0.07165206223726273,4.491143703460693,0
444,862,0.12634508311748505,4.491143703460693,0
445,863,0.048538077622652054,3.268657684326172,0
446,864,0.07487896829843521,3.268657684326172,0
447,865,0.0782395750284195,3.9668502807617188,0
448,866,0.1827174425125122,3.9668502807617188,0
449,867,0.09572087973356247,3.959724187850952,0
450,868,0.07843536138534546,4.200144290924072,0
451,869,0.09905576705932617,4.200144290924072,0
452,870,0.07553485780954361,4.1364617347717285,0
453,871,0.0763903483748436,4.155954837799072,0
454,872,0.06873176246881485,4.155954837799072,0
455,873,0.07628568261861801,4.099157810211182,0
456,874,0.10787419974803925,2.966242790222168,0
457,875,0.11887234449386597,2.966242790222168,0
458,876,0.06659694015979767,3.0850989818573,0
459,877,0.09790033102035522,2.956728219985962,0
460,878,0.11697813123464584,2.956728219985962,0
461,879,0.07705720514059067,2.8275365829467773,0
462,880,0.11905241757631302,2.8275365829467773,0
463,881,0.05618327111005783,2.790790319442749,0
464,882,0.08962593227624893,2.790790319442749,0
465,883,0.1000155657529831,2.886666774749756,0
466,884,0.08737130463123322,2.899075508117676,0
467,885,0.12733043730258942,2.899075508117676,0
468,886,0.09981991350650787,3.1810595989227295,0
469,887,0.1321171522140503,3.1810595989227295,0
470,888,0.03883662074804306,4.124355316162109,0
471,889,0.1675504744052887,4.035926342010498,0
472,890,0.0765419751405716,3.941453695297241,0
473,891,0.09465987235307693,3.941453695297241,0
474,892,0.16563168168067932,4.021937847137451,0
475,893,0.09702920913696289,3.9070346355438232,0
476,894,0.11046461760997772,3.8944950103759766,0
477,895,0.0688670352101326,3.9070346355438232,0
478,896,0.09612791240215302,4.064250469207764,0
479,897,0.05071035400032997,3.4484987258911133,0
480,898,0.10084306448698044,3.4484987258911133,0
481,899,0.044175826013088226,3.120903491973877,0
482,900,0.08846991509199142,3.120903491973877,0
483,901,0.040899600833654404,3.147399425506592,0
484,902,0.08986010402441025,3.147399425506592,0
485,903,0.03985433652997017,3.234098196029663,0
486,904,0.1251264214515686,3.234098196029663,0
487,905,0.040518276393413544,3.159048080444336,0
488,906,0.1629597693681717,3.1479074954986572,0
489,907,0.05614887923002243,3.2043564319610596,0
490,908,0.13961540162563324,3.17940616607666,0
491,909,0.10063786059617996,3.236365795135498,0
492,910,0.15771575272083282,3.6807968616485596,0
493,911,0.1020529493689537,3.6807968616485596,0
494,912,0.17976678907871246,4.066741943359375,0
495,913,0.12495768070220947,4.138355255126953,0
496,914,0.18178638815879822,4.065704345703125,0
497,915,0.1113612949848175,4.065704345703125,0
498,916,0.14704778790473938,4.059040546417236,0
499,917,0.09197034686803818,4.059040546417236,0
500,918,0.13572640717029572,3.8658294677734375,0
501,919,0.1303882747888565,3.8658294677734375,0
502,920,0.15148316323757172,3.8658294677734375,0
503,921,0.14872020483016968,3.7704129219055176,0
504,922,0.12197129428386688,3.8302154541015625,0
505,923,0.13653524219989777,3.9690215587615967,0
506,924,0.08992781490087509,3.9690215587615967,0
507,925,0.11360476166009903,3.8381459712982178,0
508,926,0.08609848469495773,3.4506030082702637,0
509,927,0.11431976407766342,0.8608757257461548,0
510,928,0.0732024535536766,0.8541731238365173,0
511,929,0.10524551570415497,0.3307030498981476,0
512,930,0.07657495141029358,0.3866918683052063,0
513,931,0.08061100542545319,0.5803682804107666,0
514,932,0.08682814985513687,0.5803682804107666,0
515,933,0.09961938112974167,0.5211831331253052,0
516,934,0.05061349272727966,0.5279767513275146,0
517,935,0.039936501532793045,0.5416824221611023,0
518,936,0.05822444707155228,0.11925604939460754,0
519,937,0.12851567566394806,0.11925604939460754,0
520,938,0.04062337055802345,0.2261391431093216,0
521,939,0.05847308784723282,0.2261391431093216,0
522,940,0.043926533311605453,0.10404541343450546,0
523,941,0.17444312572479248,0.10404541343450546,0
524,942,0.02999710664153099,0.029650308191776276,0
525,943,0.22771766781806946,0.029650308191776276,0
526,944,0.032502468675374985,0.00978582538664341,0
527,945,0.15589895844459534,0.00978582538664341,1
528,946,0.02777198888361454,0.01355973444879055,1
529,947,0.06394714117050171,0.01355973444879055,1
530,948,0.024633053690195084,1.3653650967171416e-05,1
531,949,0.10480108112096786,1.3653650967171416e-05,1
532,950,0.044896043837070465,0.0015289481962099671,1
533,951,0.05800287052989006,0.014376240782439709,1
534,952,0.0448618158698082,0.014376240782439709,1
535,953,0.06307384371757507,0.03405211865901947,1
536,954,0.11824037879705429,0.03405211865901947,1
537,955,0.07785435020923615,0.03913938254117966,1
538,956,0.08479586243629456,0.03913938254117966,1
539,957,0.0330752469599247,0.3020775616168976,1
540,958,0.09268026798963547,0.3020775616168976,1
541,959,0.03243322670459747,0.020556196570396423,1
542,960,0.11756637692451477,0.020595433190464973,1
543,961,0.05181056633591652,0.13136784732341766,1
544,962,0.05129709467291832,0.13136784732341766,1
545,963,0.08703422546386719,0.33246657252311707,1
546,964,0.10822994261980057,0.11290089040994644,1
547,965,0.0762813612818718,0.11290089040994644,0
548,1294,0.03403110057115555,4.819611072540283,0
549,1295,0.03882911428809166,4.819611072540283,0
550,1296,0.023029807955026627,5.214827537536621,0
551,1297,0.05041082575917244,5.341432094573975,0
552,1298,0.026311952620744705,5.167143821716309,0
553,1299,0.057498302310705185,5.438535690307617,0
554,1300,0.03593609109520912,5.240454196929932,0
555,1301,0.061677176505327225,5.163980007171631,0
556,1302,0.04405469819903374,5.163980007171631,0
557,1303,0.046915072947740555,5.163980007171631,0
558,1304,0.026145370677113533,5.063819408416748,0
559,1305,0.045329391956329346,5.06023645401001,0
560,1306,0.024366969242691994,5.06023645401001,0
561,1307,0.04058768227696419,5.358463287353516,0
562,1308,0.027246607467532158,5.358463287353516,0
563,1309,0.023416640236973763,5.743131637573242,0
564,1310,0.047951776534318924,5.743131637573242,0
565,1311,0.03132776916027069,6.23132848739624,0
566,1312,0.04406122490763664,6.23132848739624,0
567,1313,0.0364665761590004,6.856079578399658,0
568,1314,0.04540540277957916,6.856079578399658,0
569,1315,0.05012045055627823,7.540298938751221,0
570,1316,0.048349779099226,7.540298938751221,0
571,1317,0.05749240517616272,7.227298259735107,0
572,1318,0.031019050627946854,7.195638656616211,0
573,1319,0.03990557789802551,7.195638656616211,0
574,1320,0.024381523951888084,7.076211929321289,0
575,1321,0.05847691744565964,7.076211929321289,0
576,1322,0.04549182951450348,7.062108516693115,0
577,1323,0.04357428848743439,7.062108516693115,0
578,1324,0.03503765910863876,6.41857385635376,0
579,1325,0.06113623455166817,6.41857385635376,0
580,1326,0.03709029778838158,11.49666690826416,0
581,1327,0.04097343608736992,11.581380844116211,0
582,1328,0.04022994264960289,11.581380844116211,0
583,1329,0.021007005125284195,7.552149295806885,0
584,1348,0.030100176110863686,4.834996700286865,0
585,1349,0.03751826658844948,4.834996700286865,0
586,1350,0.03178968280553818,5.298221111297607,0
587,1351,0.02736462466418743,5.298221111297607,0
588,1352,0.024588098749518394,6.065205097198486,0
589,1353,0.03176293894648552,6.065205097198486,0
590,1354,0.028325743973255157,6.786630630493164,0
591,1355,0.0553036667406559,6.311118125915527,0
592,1356,0.04959658533334732,6.311118125915527,0
593,1357,0.02747829630970955,6.2486371994018555,0
594,1358,0.03163736313581467,6.2486371994018555,0
595,1359,0.032603539526462555,6.566295146942139,0
596,1360,0.031037135049700737,6.566295146942139,0
597,1361,0.024382334202528,6.566295146942139,0
598,1362,0.056063152849674225,8.976377487182617,0
599,1363,0.04125778377056122,9.521944999694824,0
600,1364,0.09065211564302444,9.521944999694824,0
601,1365,0.039253659546375275,10.535797119140625,0
602,1366,0.10269410163164139,7.589073181152344,0
603,1367,0.06975728273391724,7.589073181152344,0
604,1368,0.12184782326221466,8.938652038574219,0
605,1369,0.14241260290145874,8.226042747497559,0
606,1370,0.11935349553823471,7.95690393447876,0
607,1371,0.08283243328332901,7.95690393447876,0
608,1372,0.08774921298027039,7.580136775970459,0
609,1373,0.11235068738460541,7.6114420890808105,0
610,1374,0.08578282594680786,7.429182529449463,0
611,1375,0.11749786883592606,7.429182529449463,0
612,1376,0.06605297327041626,7.267590045928955,0
613,1377,0.15283076465129852,7.227725028991699,0
614,1378,0.1371932327747345,6.663516044616699,0
615,1379,0.10297413915395737,6.487339973449707,0
616,1380,0.1193011999130249,6.487339973449707,0
617,1381,0.08240711688995361,6.331212520599365,0
618,1382,0.12789852917194366,6.331212520599365,0
619,1383,0.04491202160716057,6.343164920806885,0
620,1384,0.2932376563549042,6.343164920806885,0
621,1385,0.16748623549938202,6.3190388679504395,0
622,1386,0.33528435230255127,6.3190388679504395,0
623,1387,0.2814319133758545,6.259891986846924,0
624,1388,0.25361278653144836,7.216358184814453,0
625,1389,0.17174746096134186,7.216358184814453,0
626,1390,0.25243672728538513,7.216358184814453,0
627,1391,0.28730955719947815,7.304589748382568,0
628,1392,0.17333953082561493,7.302463531494141,0
629,1393,0.18865281343460083,7.302463531494141,0
630,1394,0.12682852149009705,7.234872341156006,0
631,1395,0.1612273007631302,7.234872341156006,0
632,1396,0.16202788054943085,7.406828880310059,0
633,1397,0.14510712027549744,7.406828880310059,0
634,1398,0.1770997792482376,7.255833625793457,0
635,1399,0.1401311159133911,7.255833625793457,0
636,1400,0.12550631165504456,8.421028137207031,0
637,1401,0.10822510719299316,8.424842834472656,0
638,1402,0.12118151783943176,10.455499649047852,0
639,1403,0.08184777945280075,10.455499649047852,0
640,1404,0.10899747908115387,10.455499649047852,0
641,1405,0.05745149776339531,11.024778366088867,0
642,1406,0.1399601846933365,11.02670669555664,0
643,1407,0.07133271545171738,11.02670669555664,0
644,1408,0.17778818309307098,11.099186897277832,0
645,1409,0.0754389837384224,10.953857421875,0
646,1410,0.17692804336547852,10.953857421875,0
647,1411,0.13733361661434174,11.169768333435059,0
648,1412,0.10935080796480179,10.980417251586914,0
649,1413,0.10909435898065567,11.53385066986084,0
650,1414,0.07550680637359619,12.003416061401367,0
651,1415,0.07312820106744766,12.003416061401367,0
652,1416,0.08697552978992462,11.75827407836914,0
653,1417,0.059006743133068085,11.80389404296875,0
654,1418,0.06269330531358719,11.80389404296875,0
655,1419,0.08357276022434235,11.926608085632324,0
656,1420,0.08140309900045395,12.496806144714355,0
657,1421,0.10199036449193954,13.021992683410645,0
658,1422,0.1036200299859047,13.021992683410645,0
659,1423,0.09707704186439514,13.679672241210938,0
660,1424,0.13219688832759857,13.679672241210938,0
661,1425,0.12129350751638412,13.127150535583496,0
662,1426,0.14725376665592194,13.390934944152832,0
663,1427,0.13642992079257965,13.390934944152832,0
664,1428,0.15344248712062836,9.342696189880371,0
665,1429,0.11822818964719772,7.974092483520508,0
666,1430,0.17372292280197144,7.974092483520508,0
667,1431,0.15947283804416656,7.5432024002075195,0
668,1432,0.17669421434402466,7.5432024002075195,0
669,1433,0.14129982888698578,7.26088809967041,0
670,1434,0.18938937783241272,7.26088809967041,0
671,1435,0.1372397094964981,7.387722969055176,0
672,1436,0.19990555942058563,7.387722969055176,0
673,1437,0.155861034989357,6.794729232788086,0
674,1438,0.15665069222450256,6.794729232788086,0
675,1439,0.12455211579799652,6.794729232788086,0
676,1440,0.12416880577802658,6.405059814453125,0
677,1441,0.1543499082326889,6.468012809753418,0
678,1442,0.07623544335365295,6.609825134277344,0
679,1443,0.15326020121574402,6.609825134277344,0
680,1444,0.10639527440071106,6.609825134277344,0
681,1445,0.1315535306930542,6.609825134277344,0
682,1446,0.15460388362407684,6.625968933105469,0
683,1447,0.09264622628688812,6.625968933105469,0
684,1448,0.08047660440206528,6.4563679695129395,0
685,1449,0.1449570655822754,6.4563679695129395,0
686,1450,0.04607763886451721,6.615346431732178,0
687,1451,0.10975362360477448,6.412458896636963,0
688,1452,0.09771217405796051,6.3628973960876465,0
689,1453,0.040582116693258286,6.323971748352051,0
690,1454,0.04871419444680214,6.502015590667725,0
691,1455,0.05295061692595482,6.371935844421387,0
692,1456,0.11525846272706985,6.370558738708496,0
693,1457,0.11084398627281189,6.365209579467773,0
694,1458,0.029629869386553764,6.516317367553711,0
695,1459,0.04335768520832062,6.524823188781738,0
696,1460,0.049964748322963715,6.443699836730957,0
697,1461,0.08716674894094467,6.443699836730957,0
698,1462,0.03893261402845383,6.637661933898926,0
699,1463,0.04694201424717903,6.637661933898926,0
700,1464,0.049563102424144745,6.693133354187012,0
701,1465,0.06588232517242432,6.693133354187012,0
702,1466,0.0441763736307621,6.637062072753906,0
703,1467,0.06790242344141006,6.637062072753906,0
704,1468,0.03196348994970322,6.85323429107666,0
705,1469,0.04432172700762749,6.85323429107666,0
706,1470,0.02932564727962017,6.85323429107666,0
707,1471,0.06252951920032501,6.890031814575195,0
708,1472,0.03393777087330818,6.890031814575195,0
709,1473,0.08491211384534836,7.154239654541016,0
710,1474,0.04546103999018669,7.162116527557373,0
711,1475,0.04482176527380943,7.162116527557373,0
712,1476,0.025553284212946892,7.141655445098877,0
713,1477,0.04923838749527931,7.040120601654053,0
714,1478,0.03650972247123718,7.040120601654053,0
715,1479,0.035982776433229446,7.084445953369141,0
716,1480,0.06626323610544205,7.084445953369141,0
717,1481,0.02589275874197483,7.073603630065918,0
718,1482,0.057764600962400436,7.073603630065918,0
719,1483,0.0686379000544548,7.073603630065918,0
720,1484,0.10390983521938324,7.170477867126465,0
721,1485,0.07078403979539871,7.170477867126465,0
722,1486,0.08119197189807892,7.170477867126465,0
723,1487,0.036599528044462204,6.666107654571533,0
724,1488,0.06775859743356705,6.666107654571533,0
725,1489,0.05110609158873558,6.633321762084961,0
726,1490,0.038858529180288315,6.633321762084961,0
727,1491,0.039252813905477524,6.633321762084961,0
728,1492,0.030583353713154793,6.742692947387695,0
729,1493,0.05175627022981644,6.692131996154785,0
730,1494,0.043748583644628525,6.692131996154785,0
731,1495,0.11955412477254868,6.630917549133301,0
732,1496,0.02962750568985939,6.630917549133301,0
733,1497,0.06813390552997589,6.612614631652832,0
734,1498,0.03188973292708397,6.612614631652832,0
735,1499,0.032639630138874054,6.81549596786499,0
736,1500,0.03931478410959244,6.6537699699401855,0
737,1501,0.02498701587319374,6.718308925628662,0
738,1502,0.04745303839445114,6.880035400390625,0
739,1503,0.023236442357301712,6.880035400390625,0
740,1504,0.018983861431479454,6.816442489624023,0
741,1505,0.03975329548120499,6.717906951904297,0
742,1506,0.03058178350329399,6.717906951904297,0
743,1507,0.03490066900849342,6.900156497955322,0
744,1508,0.050454121083021164,6.900156497955322,0
745,1509,0.038592379540205,6.900156497955322,0
746,1510,0.08125466108322144,6.656408309936523,0
747,1511,0.05087050050497055,6.5994873046875,0
748,1512,0.08022058755159378,7.113396167755127,0
749,1513,0.03452307730913162,7.100122928619385,0
750,1514,0.04415854066610336,7.028954982757568,0
751,1515,0.01688077673316002,7.1294732093811035,0
752,1516,0.042152732610702515,7.1294732093811035,0
753,1517,0.03305375948548317,7.088695049285889,0
754,1518,0.06721264868974686,7.088695049285889,0
755,1519,0.025975005701184273,7.2233405113220215,0
756,1520,0.035026270896196365,7.2233405113220215,0
757,1521,0.04700165614485741,7.147867679595947,0
758,1522,0.12978075444698334,7.147867679595947,0
759,1523,0.07110309600830078,7.2650146484375,0
760,1524,0.04181014746427536,7.2650146484375,0
761,1525,0.029112055897712708,7.181346416473389,0
762,1526,0.08601583540439606,7.181346416473389,0
763,1527,0.050580136477947235,7.300195217132568,0
764,1528,0.06900085508823395,7.300195217132568,0
765,1529,0.08259089291095734,7.300195217132568,0
766,1530,0.11357154697179794,7.288266181945801,0
767,1531,0.05998736992478371,7.288266181945801,0
768,1532,0.08191448450088501,7.197446823120117,0
769,1533,0.1054350882768631,7.197446823120117,0
770,1534,0.09781268239021301,7.197446823120117,0
771,1535,0.06831271201372147,7.265713691711426,0
772,1536,0.08857313543558121,7.162939071655273,0
773,1537,0.0750676840543747,7.162939071655273,0
774,1538,0.1134197860956192,8.273650169372559,0
775,1539,0.11177979409694672,10.990090370178223,0
776,1540,0.0699380487203598,10.838194847106934,0
777,1541,0.11490045487880707,10.838194847106934,0
778,1542,0.07654868066310883,11.268783569335938,0
779,1543,0.08345931023359299,11.328596115112305,0
780,1544,0.11444873362779617,11.328596115112305,0
781,1545,0.08386298269033432,11.067042350769043,0
782,1546,0.09377121180295944,11.215292930603027,0
783,1547,0.07190170884132385,11.215292930603027,0
784,1548,0.13032427430152893,11.943900108337402,0
785,1549,0.09874492138624191,12.34533977508545,0
786,1550,0.07337683439254761,12.34533977508545,0
787,1551,0.140482097864151,12.34533977508545,0
788,1552,0.11234785616397858,12.068404197692871,0
789,1553,0.12956470251083374,12.118644714355469,0
790,1554,0.12203694880008698,11.79790210723877,0
791,1555,0.10375811904668808,11.79790210723877,0
792,1556,0.06042792275547981,11.941469192504883,0
793,1557,0.0714956596493721,11.688801765441895,0
794,1558,0.09838574379682541,9.416587829589844,0
795,1559,0.0836537554860115,8.011944770812988,0
796,1560,0.0803576409816742,8.011944770812988,0
797,1561,0.07111161947250366,7.273936748504639,0
798,1562,0.1019517257809639,7.390517234802246,0
799,1563,0.11074914038181305,7.33444356918335,0
800,1564,0.08198563754558563,7.33444356918335,0
801,1565,0.06752898544073105,7.434964179992676,0
802,1566,0.054851092398166656,7.434964179992676,0
803,1567,0.07549680769443512,7.447686672210693,0
804,1568,0.05535658076405525,7.447686672210693,0
805,1569,0.09845265001058578,7.447686672210693,0
806,1570,0.06008448451757431,7.472197532653809,0
807,1571,0.07857850193977356,7.552187442779541,0
808,1572,0.05376412719488144,7.552187442779541,0
809,1573,0.08548623323440552,7.552187442779541,0
810,1574,0.08128881454467773,7.551442623138428,0
811,1575,0.07588880509138107,7.452888488769531,0
812,1576,0.0522996224462986,7.459678649902344,0
813,1577,0.09775655716657639,7.398914337158203,0
814,1578,0.16105423867702484,7.629054546356201,0
815,1579,0.0860418751835823,7.551896572113037,0
816,1580,0.10664356499910355,5.7605085372924805,0
817,1581,0.07197380065917969,5.7605085372924805,0
818,1582,0.15908315777778625,5.461799621582031,0
819,1583,0.1044478714466095,5.1425981521606445,0
820,1584,0.07134360074996948,5.151398658752441,0
821,1585,0.15166862308979034,5.151398658752441,0
822,1586,0.11176851391792297,5.219703197479248,0
823,1587,0.128553107380867,5.219703197479248,0
824,1588,0.1104087233543396,5.210862159729004,0
825,1589,0.09440187364816666,5.35978889465332,0
826,1590,0.08041335642337799,5.35978889465332,0
827,1591,0.123228058218956,5.816625118255615,0
828,1592,0.05072259530425072,5.816625118255615,0
829,1593,0.09211040288209915,5.976806640625,0
830,1594,0.05769263207912445,5.874021053314209,0
831,1595,0.06075551360845566,5.11574125289917,0
832,1596,0.0870276391506195,5.11574125289917,0
833,1597,0.06205599009990692,5.11574125289917,0
834,1598,0.10252739489078522,5.126196384429932,0
835,1599,0.05796375870704651,5.126196384429932,0
836,1600,0.11240461468696594,5.126196384429932,0
837,1601,0.036172300577163696,5.192096710205078,0
838,1602,0.056898828595876694,5.192096710205078,0
839,1603,0.0568351149559021,5.0890936851501465,0
840,1604,0.07227049022912979,5.091017723083496,0
841,1605,0.055907025933265686,5.091017723083496,0
842,1606,0.11062199622392654,5.091017723083496,0
843,1607,0.05116364732384682,4.982919692993164,0
844,1608,0.04768732190132141,4.982919692993164,0
845,1609,0.046454839408397675,4.982919692993164,0
846,1610,0.050605807453393936,4.915706634521484,0
847,1611,0.05982334911823273,4.915706634521484,0
848,1612,0.05404619127511978,5.045317649841309,0
849,1613,0.0376492477953434,5.045317649841309,0
850,1614,0.04344401881098747,5.045317649841309,0
851,1615,0.021843209862709045,3.7003273963928223,0
852,1616,0.03688283637166023,3.6525955200195312,0
853,1617,0.030661901459097862,0.32905930280685425,0
854,1618,0.03899919241666794,0.32905930280685425,0
855,1619,0.03253229334950447,0.4929541349411011,0
856,1620,0.02313159964978695,0.6127021908760071,0
857,1621,0.022138036787509918,0.6127021908760071,1
858,1622,0.03650442883372307,0.6935993432998657,1
859,1623,0.022460265085101128,0.8980292081832886,1
860,1624,0.027104513719677925,0.8980292081832886,1
861,1625,0.021169552579522133,0.5683754086494446,1
862,1626,0.04209195449948311,0.5683754086494446,1
863,1627,0.034650612622499466,0.8060667514801025,1
864,1628,0.05237604305148125,0.7992854118347168,1
865,1629,0.031069768592715263,0.7992854118347168,1
866,1630,0.03895764797925949,0.788816511631012,1
867,1631,0.031685225665569305,0.8855090141296387,1
868,1632,0.026727544143795967,1.0354115962982178,1
869,1633,0.03344528004527092,1.0278658866882324,1
870,1634,0.02145920880138874,1.1106562614440918,1
871,1635,0.03473199903964996,1.1106562614440918,1
872,1636,0.02814434841275215,1.329683542251587,0
873,1876,0.04002327844500542,6.798517227172852,0
874,1877,0.034662872552871704,6.808531761169434,0
875,1878,0.02364046685397625,6.596902370452881,0
876,1879,0.009563315659761429,6.771999835968018,0
877,1880,0.029657380655407906,6.786020755767822,0
878,1881,0.020053839311003685,6.424575328826904,0
879,1882,0.044526778161525726,6.375765323638916,0
880,1883,0.014228489249944687,6.431950092315674,0
881,1884,0.05680972337722778,6.369490146636963,0
882,1885,0.03549773618578911,6.369490146636963,0
883,1886,0.0445946529507637,6.592400074005127,0
884,1887,0.07199297845363617,6.592400074005127,0
885,1888,0.045134492218494415,6.497093677520752,0
886,1889,0.12435346096754074,6.497093677520752,0
887,1890,0.019153201952576637,5.407474994659424,0
888,1891,0.12738275527954102,6.198289394378662,0
889,1892,0.0007964854594320059,6.20445442199707,0
890,1893,0.06241229921579361,6.20445442199707,0
891,1894,0.012618416920304298,6.345980644226074,0
892,1895,0.133048415184021,5.992535591125488,0
893,1896,0.031992413103580475,5.932720184326172,0
894,1897,0.16644349694252014,6.3388471603393555,0
895,1898,0.04546249657869339,6.073195934295654,0
896,1899,0.23437203466892242,6.073195934295654,0
897,1900,0.040000930428504944,5.911024570465088,0
898,1901,0.3006323575973511,5.919329643249512,0
899,1902,0.05637224391102791,3.9974465370178223,0
900,1903,0.049427542835474014,3.9974465370178223,0
901,1904,0.04003185033798218,0.37284576892852783,0
902,1905,0.09190373122692108,0.33432537317276,0
903,1906,0.07339873164892197,0.07915881276130676,0
904,1907,0.1274804323911667,0.08431743830442429,0
905,1908,0.29685983061790466,0.13939890265464783,0
906,1909,0.0919322744011879,0.13939890265464783,0
907,1910,0.08164029568433762,0.11876605451107025,0
908,1911,0.13353589177131653,0.2358076572418213,0
909,1912,0.06477324664592743,0.2358076572418213,0
910,1913,0.05082864686846733,0.35824447870254517,0
911,1914,0.021970858797430992,0.32998740673065186,0
912,1915,0.08921080082654953,0.3242470324039459,0
913,1916,0.044514164328575134,0.3176795244216919,0
914,1917,0.08202224969863892,0.26920798420906067,0
915,1918,0.06991159170866013,0.26212063431739807,0
916,1919,0.18537378311157227,0.22400186955928802,0
917,1920,0.08068130165338516,0.22400186955928802,0
918,1921,0.09049058705568314,0.21979957818984985,0
919,1922,0.09254533797502518,0.21979957818984985,0
920,1923,0.20077098906040192,0.22455808520317078,0
921,1924,0.05448660999536514,0.29244375228881836,0
922,1925,0.08505309373140335,0.29244375228881836,0
923,1926,0.15668396651744843,0.26337072253227234,0
924,1927,0.06334476917982101,0.26337072253227234,0
925,1928,0.10395219177007675,0.2895559072494507,0
926,1929,0.0939512774348259,0.2895559072494507,0
927,1930,0.09541182219982147,0.28696614503860474,0
928,1931,0.14174875617027283,3.080543279647827,0
929,1932,0.10677289217710495,3.080543279647827,0
930,1933,0.4240642786026001,3.3977534770965576,0
931,1934,0.23206713795661926,3.3804030418395996,0
932,1935,0.13608390092849731,3.476653814315796,0
933,1936,0.06958680599927902,3.4061312675476074,0
934,1937,0.227315753698349,3.4658777713775635,0
935,1938,0.027158578857779503,3.581279754638672,0
936,1939,0.1767393946647644,4.015445709228516,0
937,1940,0.026360031217336655,3.992314100265503,0
938,1941,0.23186565935611725,3.855067253112793,0
939,1942,0.017536744475364685,3.9829468727111816,0
940,1943,0.2028871327638626,3.9829468727111816,0
941,1944,0.13938511908054352,3.818779706954956,0
942,1945,0.19954635202884674,3.818779706954956,0
943,1946,0.025124890729784966,3.77720308303833,0
944,1947,0.024637438356876373,3.77720308303833,0
945,1948,0.05527588352560997,3.658576250076294,0
946,1949,0.023561470210552216,3.7888007164001465,0
947,1950,0.026807468384504318,3.744049310684204,0
948,1951,0.03801463544368744,3.763784646987915,0
949,1952,0.05484247952699661,3.012753963470459,0
950,1953,0.07667382806539536,2.962468385696411,0
951,1954,0.05821475014090538,2.973327398300171,0
952,1955,0.06356777250766754,2.827587842941284,0
953,1956,0.1159403994679451,3.511248826980591,0
954,1957,0.09979431331157684,3.470745801925659,0
955,1958,0.03809649497270584,3.6395423412323,0
956,1959,0.10382506996393204,3.4472153186798096,0
957,1960,0.05272119864821434,3.4472153186798096,0
958,1961,0.1467292308807373,3.42400860786438,0
959,1962,0.04199700802564621,3.42400860786438,0
960,1963,0.06593095511198044,3.3478848934173584,0
961,1964,0.1110045462846756,3.5162744522094727,0
962,1965,0.03635835647583008,3.546189069747925,0
963,1966,0.125454843044281,3.8862056732177734,0
964,1967,0.13436731696128845,3.851472854614258,0
965,1968,0.1346530318260193,3.923175096511841,0
966,1969,0.04095965251326561,3.8627231121063232,0
967,1970,0.14655494689941406,3.992535352706909,0
968,1971,0.05567559599876404,4.000709533691406,0
969,1972,0.06607800722122192,3.8081133365631104,0
970,1973,0.042050015181303024,3.667496919631958,0
971,1974,0.1509464532136917,3.667496919631958,0
972,1975,0.027901476249098778,3.3751821517944336,0
973,1976,0.04195206239819527,3.2810211181640625,0
974,1977,0.06384679675102234,3.3333160877227783,0
975,1978,0.08729211986064911,3.2072243690490723,0
976,1979,0.09164483100175858,3.3263115882873535,0
977,1980,0.05403614789247513,3.3263115882873535,0
978,1981,0.1666041612625122,3.296674966812134,0
979,1982,0.03918537497520447,3.009061813354492,0
980,1983,0.08989819884300232,3.009061813354492,0
981,1984,0.02287292294204235,1.4954169988632202,0
982,1985,0.15557654201984406,1.4954169988632202,0
983,1986,0.030935734510421753,2.5445826053619385,0
984,1987,0.05399318039417267,2.5744333267211914,0
985,1988,0.25764718651771545,1.945547342300415,0
986,1989,0.15750537812709808,1.945547342300415,0
987,1990,0.12819381058216095,1.917517900466919,0
988,1991,0.05509738251566887,1.1698966026306152,0
989,1992,0.19723215699195862,1.9272500276565552,0
990,1993,0.04041542485356331,1.9382795095443726,0
991,1994,0.10993359982967377,1.9365859031677246,0
992,1995,0.050952762365341187,1.9588285684585571,0
993,1996,0.10824410617351532,1.6523479223251343,0
994,1997,0.06937399506568909,1.6523479223251343,0
995,1998,0.19557391107082367,1.4890358448028564,0
996,1999,0.2297021746635437,1.4628431797027588,0
997,2000,0.1593416929244995,1.4628431797027588,0
998,2001,0.059613849967718124,1.3407580852508545,0
999,2002,0.21371148526668549,1.3407580852508545,0
1000,2003,0.01717534475028515,1.279916524887085,0
1001,2004,0.11313436180353165,1.2503173351287842,0
1002,2005,0.01802637428045273,1.2507662773132324,0
1003,2006,0.15064145624637604,0.9431653022766113,0
1004,2007,0.04233145713806152,0.9509283304214478,0
1005,2008,0.16119125485420227,0.36222612857818604,0
1006,2009,0.05409901589155197,0.378217875957489,0
1007,2010,0.2671079933643341,0.4581473767757416,0
1008,2011,0.07015366852283478,0.4570778012275696,0
1009,2012,0.24425603449344635,0.22674815356731415,0
1010,2013,0.019617373123764992,0.3198724091053009,0
1011,2014,0.11159901320934296,0.3198724091053009,0
1012,2015,0.016221079975366592,0.5042833685874939,0
1013,2016,0.04390911012887955,0.31699296832084656,0
1014,2017,0.020850958302617073,1.8456755876541138,0
1015,2018,0.0642547756433487,1.8456755876541138,0
1016,2019,0.04472419247031212,2.0440762042999268,0
1017,2020,0.031107241287827492,3.425801992416382,0
1018,2021,0.033413488417863846,2.5274128913879395,0
1019,2022,0.1599230170249939,2.5274128913879395,0
1020,2023,0.023675093427300453,2.0328052043914795,0
1021,2024,0.05284018814563751,2.0328052043914795,0
1022,2025,0.026129603385925293,2.055025577545166,0
1023,2026,0.03880346938967705,2.1609580516815186,0
1024,2027,0.011266609653830528,2.1609580516815186,0
1025,2028,0.06036144495010376,1.6323635578155518,0
1026,2029,0.007807488553225994,1.6323635578155518,0
1027,2030,0.09040338546037674,1.3078863620758057,0
1028,2031,0.016231119632720947,2.651066780090332,0
1029,2032,0.07649242877960205,2.6890995502471924,0
1030,2033,0.01181751862168312,2.632551670074463,0
1031,2034,0.08893048763275146,2.759943723678589,0
1032,2035,0.0562032014131546,2.8145294189453125,0
1033,2036,0.05377810075879097,2.7362313270568848,0
1034,2037,0.043695252388715744,2.790271043777466,0
1035,2038,0.039513710886240005,2.736788034439087,0
1036,2039,0.014497842639684677,2.736788034439087,0
1037,2040,0.020117515698075294,2.79416561126709,0
1038,2041,0.027959860861301422,2.3892271518707275,0
1039,2042,0.019568804651498795,2.3492767810821533,0
1040,2043,0.049733638763427734,2.3453495502471924,0
1041,2044,0.01841714419424534,2.3654754161834717,0
1042,2045,0.045198164880275726,2.130235195159912,0
1043,2046,0.03540338948369026,2.128046989440918,0
1044,2047,0.02098696678876877,1.8498127460479736,0
1045,2048,0.03372916951775551,1.8498127460479736,0
1046,2049,0.014353380538523197,1.2618064880371094,0
1047,2050,0.00713084964081645,1.2618064880371094,0
1048,2051,0.022279134020209312,1.300894021987915,0
1049,2052,0.008620900101959705,1.2894870042800903,0
1050,2053,0.00407109409570694,1.3387250900268555,0
1051,2054,0.00589069165289402,1.643501877784729,0
1052,2055,0.006348802708089352,1.6085801124572754,0
1053,2056,0.007520923390984535,1.6310192346572876,0
1054,2057,0.008889766409993172,2.4004907608032227,0
1055,2058,0.015796711668372154,2.0613460540771484,0
1056,2059,0.01273074559867382,2.0723109245300293,0
1057,2060,0.0038706851191818714,1.8635518550872803,0
1058,2061,0.012737390585243702,2.397418260574341,0
1059,2062,0.02062683366239071,2.397418260574341,0
1060,2063,0.008443575352430344,2.051652669906616,0
1061,2064,0.021735573187470436,2.034924030303955,0
1062,2065,0.0028416381683200598,3.900135040283203,0
1063,2066,0.007313207723200321,3.7949397563934326,0
1064,2067,0.00833771750330925,4.130402088165283,0
1065,2068,0.006491316948086023,4.167272567749023,0
1066,2069,0.010746189393103123,4.095669269561768,0
1067,2070,0.010736756026744843,3.830442190170288,0
1068,2071,0.012773726135492325,4.080406665802002,0
1069,2072,0.03745057433843613,4.019137859344482,0
1070,2073,0.008847052231431007,2.5419132709503174,0
1071,2074,0.039589498192071915,2.5252935886383057,0
1072,2075,0.008099176920950413,0.21362188458442688,0
1073,2076,0.01096032839268446,0.33657851815223694,0
1074,2077,0.015132260508835316,0.33657851815223694,0
1075,2078,0.013593542389571667,0.6490654945373535,0
1076,2079,0.016028568148612976,0.6490654945373535,0
1077,2080,0.023160088807344437,0.22303931415081024,0
1078,2081,0.008111147210001945,0.32776910066604614,0
1079,2082,0.02365584298968315,0.3181523084640503,0
1080,2083,0.026371872052550316,0.9284077286720276,0
1081,2084,0.026234738528728485,0.9183422923088074,0
1082,2085,0.018040135502815247,1.3165160417556763,0
1083,2086,0.026322394609451294,1.3118886947631836,0
1084,2087,0.013984221033751965,1.141480803489685,0
1085,2088,0.052329838275909424,1.141480803489685,0
1086,2089,0.031901776790618896,1.1874165534973145,0
1087,2090,0.033315449953079224,1.1580395698547363,0
1088,2091,0.017689697444438934,1.1580395698547363,0
1089,2092,0.03450503945350647,1.3776631355285645,0
1090,2093,0.02200467139482498,1.4252073764801025,0
1091,2094,0.0408271849155426,4.71181583404541,0
1092,2095,0.027515411376953125,4.638741493225098,0
1093,2096,0.11581360548734665,7.4633564949035645,0
1094,2097,0.04311380162835121,6.124166488647461,0
1095,2098,0.07224966585636139,6.124166488647461,0
1096,2099,0.0695500522851944,6.180665969848633,0
1097,2100,0.04403463751077652,5.977959632873535,0
1098,2101,0.019492823630571365,6.030423641204834,0
1099,2102,0.02087889425456524,6.006274700164795,0
1100,2103,0.06310877948999405,5.993808269500732,0
1101,2104,0.021058015525341034,5.668612480163574,0
1102,2105,0.07912224531173706,5.6348958015441895,0
1103,2106,0.03348839655518532,5.868540287017822,0
1104,2107,0.13306112587451935,5.8937602043151855,0
1105,2108,0.03685598447918892,5.829230308532715,0
1106,2109,0.13004425168037415,5.821320533752441,0
1107,2110,0.05196345970034599,5.753463268280029,0
1108,2111,0.11891873180866241,6.177082061767578,0
1109,2112,0.10029387474060059,5.799333095550537,0
1110,2113,0.16568906605243683,5.799333095550537,0
1111,2114,0.026353169232606888,6.133537292480469,0
1112,2115,0.11292219907045364,6.133537292480469,0
1113,2116,0.020540308207273483,5.127549171447754,0
1114,2117,0.21062248945236206,4.868727207183838,0
1115,2118,0.06667304039001465,4.881498336791992,0
1116,2119,0.26456499099731445,4.59467077255249,0
1117,2120,0.08602457493543625,4.59467077255249,0
1118,2121,0.15711255371570587,4.750481605529785,0
1119,2122,0.16949161887168884,4.481150150299072,0
1120,2123,0.11473586410284042,4.481150150299072,0
1121,2124,0.10825452953577042,4.522124767303467,0
1122,2125,0.06357093155384064,4.522124767303467,0
1123,2126,0.11368801444768906,4.537923812866211,0
1124,2127,0.08795156329870224,6.430416107177734,0
1125,2128,0.13294222950935364,6.430416107177734,0
1126,2129,0.1445271372795105,6.879689693450928,0
1127,2130,0.22485436499118805,7.009432315826416,0
1128,2131,0.12209653109312057,7.096029758453369,0
1129,2132,0.10148799419403076,6.820127964019775,0
1130,2133,0.08863145858049393,6.820127964019775,0
1131,2134,0.2510649859905243,5.783251762390137,0
1132,2135,0.1175316870212555,4.360607147216797,0
1133,2136,0.09283776581287384,4.298708915710449,0
1134,2137,0.045583099126815796,4.308322429656982,0
1135,2138,0.05596712976694107,4.41333532333374,0
1136,2139,0.06452623754739761,4.402838230133057,0
1137,2140,0.05166884884238243,4.27386474609375,0
1138,2141,0.13775740563869476,4.361422061920166,0
1139,2142,0.10263632982969284,4.372232437133789,0
1140,2143,0.06767392158508301,0.2587471008300781,0
1141,2144,0.07098089158535004,0.2587471008300781,0
1142,2145,0.12532928586006165,0.2587471008300781,0
1143,2146,0.0693439245223999,0.30466189980506897,0
1144,2147,0.023608513176441193,0.29396679997444153,0
1145,2148,0.07323861122131348,0.31175464391708374,0
1146,2149,0.030969412997364998,0.29902952909469604,0
1147,2150,0.05230697616934776,0.2930387854576111,0
1148,2151,0.030528642237186432,0.28609174489974976,0
1149,2152,0.05637383088469505,0.4137818217277527,0
1150,2153,0.05212092027068138,0.4152752459049225,0
1151,2154,0.07294903695583344,0.4152752459049225,0
1152,2155,0.05738053470849991,0.4152752459049225,0
1153,2156,0.10280530154705048,0.48741623759269714,0
1154,2157,0.03223735839128494,2.960078716278076,0
1155,2158,0.06052963435649872,2.960078716278076,0
1156,2159,0.10616853833198547,3.3394315242767334,0
1157,2160,0.07697061449289322,3.3394315242767334,0
1158,2161,0.09581927210092545,3.384881019592285,0
1159,2162,0.05026049539446831,3.3940036296844482,0
1160,2163,0.1027267798781395,3.0081980228424072,0
1161,2164,0.08212120085954666,3.0250401496887207,0
1162,2165,0.09968937933444977,2.9854648113250732,0
1163,2166,0.1538187861442566,2.9854648113250732,0
1164,2167,0.1125556230545044,2.9244933128356934,0
1165,2168,0.09783226996660233,2.905451536178589,0
1166,2169,0.08656898885965347,2.905451536178589,0
1167,2170,0.07321584224700928,3.209685802459717,0
1168,2171,0.05790304020047188,3.003164768218994,0
1169,2172,0.1352420300245285,2.958761692047119,0
1170,2173,0.045755382627248764,3.042896032333374,0
1171,2174,0.17032267153263092,3.028261184692383,0
1172,2175,0.07294973731040955,3.0097930431365967,0
1173,2176,0.17281416058540344,2.9427542686462402,0
1174,2177,0.05361231788992882,3.258803606033325,0
1175,2178,0.142428919672966,3.244333267211914,0
1176,2179,0.06948506087064743,3.242922306060791,0
1177,2180,0.03567510098218918,5.766121864318848,0
1178,2181,0.05204717069864273,5.766121864318848,0
1179,2182,0.042017217725515366,5.865840435028076,0
1180,2183,0.06265033781528473,5.761642932891846,0
1181,2184,0.040661878883838654,5.7997822761535645,0
1182,2185,0.13127174973487854,5.762916564941406,0
1183,2186,0.06307372450828552,5.7856035232543945,0
1184,2187,0.08155366033315659,5.718633651733398,0
1185,2188,0.08233237266540527,5.578893661499023,0
1186,2189,0.039679985493421555,5.261057376861572,0
1187,2190,0.051221366971731186,5.271279811859131,0
1188,2191,0.07334616035223007,5.416850566864014,0
1189,2192,0.03185773268342018,5.495813369750977,0
1190,2193,0.04836069047451019,5.3624162673950195,0
1191,2194,0.021505117416381836,5.3514933586120605,0
1192,2195,0.06021735817193985,5.209914207458496,0
1193,2196,0.059281688183546066,5.3135480880737305,0
1194,2197,0.03650606796145439,5.166297435760498,0
1195,2198,0.1776546835899353,6.042209625244141,0
1196,2199,0.16635486483573914,6.042209625244141,0
1197,2200,0.13708633184432983,6.03378963470459,0
1198,2201,0.11812525987625122,5.7849202156066895,0
1199,2202,0.03884802386164665,5.7849202156066895,0
1200,2203,0.18498337268829346,5.950038909912109,0
1201,2204,0.03774464130401611,5.950038909912109,0
1202,2205,0.133441761136055,6.071434020996094,0
1203,2206,0.045896515250205994,6.110021114349365,0
1204,2207,0.19901631772518158,5.618124961853027,0
1205,2208,0.022945715114474297,4.552804946899414,0
1206,2209,0.10254285484552383,4.552804946899414,0
1207,2210,0.04731979966163635,4.7615647315979,0
1208,2211,0.07974031567573547,4.815460205078125,0
1209,2212,0.029885005205869675,4.815460205078125,0
1210,2213,0.040154196321964264,4.9437031745910645,0
1211,2214,0.0349712073802948,4.477752208709717,0
1212,2215,0.01878421939909458,5.355772495269775,0
1213,2216,0.08171778172254562,5.355772495269775,0
1214,2217,0.04452068731188774,5.167993068695068,0
1215,2218,0.13069438934326172,5.273952484130859,0
1216,2219,0.027564406394958496,5.313544750213623,0
1217,2220,0.17151571810245514,5.338240146636963,0
1218,2221,0.10177750140428543,5.338240146636963,0
1219,2222,0.14138154685497284,5.2511420249938965,0
1220,2223,0.03641308471560478,5.162951469421387,0
1221,2224,0.06743955612182617,5.223663806915283,0
1222,2225,0.017571642994880676,4.996784687042236,0
1223,2226,0.019370535388588905,4.996784687042236,0
1224,2227,0.022583169862627983,5.2562336921691895,0
1225,2228,0.014461549930274487,5.17931604385376,0
1226,2229,0.0114042479544878,5.17931604385376,0
1227,2230,0.021880339831113815,5.263962268829346,0
1228,2231,0.04829835519194603,5.167436599731445,0
1229,2232,0.04477488622069359,5.131050109863281,0
1230,2233,0.12157738208770752,5.048034191131592,0
1231,2234,0.015124183148145676,5.048034191131592,0
1232,2235,0.058361366391181946,5.108834266662598,0
1233,2236,0.0035591411869972944,5.108834266662598,0
1234,2237,0.022923944517970085,5.231075286865234,0
1235,2238,0.0033092324156314135,5.1334028244018555,0
1236,2239,0.009613851085305214,5.123571395874023,0
1237,2240,0.020383017137646675,5.380138397216797,0
1238,2241,0.0258321613073349,5.380138397216797,0
1239,2242,0.03307190537452698,5.127125263214111,0
1240,2243,0.043465182185173035,5.361982345581055,0
1241,2244,0.052370648831129074,5.361982345581055,0
1242,2245,0.06833408772945404,5.219876766204834,0
1243,2246,0.05249660462141037,5.219876766204834,0
1244,2247,0.029896078631281853,5.179260730743408,0
1245,2248,0.060022998601198196,5.066119194030762,0
1246,2249,0.10532103478908539,5.2350945472717285,0
1247,2250,0.03267462179064751,5.250101089477539,0
1248,2251,0.09385798871517181,5.062337398529053,0
1249,2252,0.04270203784108162,5.094676971435547,0
1250,2253,0.20382529497146606,5.094676971435547,0
1251,2254,0.045189451426267624,5.288401126861572,0
1252,2255,0.134409561753273,5.046163082122803,0
1253,2256,0.058761849999427795,5.173969745635986,0
1254,2257,0.13637743890285492,5.173969745635986,0
1255,2258,0.03769661858677864,5.827930927276611,0
1256,2259,0.07592972368001938,5.542984485626221,0
1257,2260,0.034713488072156906,5.418506145477295,0
1258,2261,0.05787409096956253,5.4886674880981445,0
1259,2262,0.0456429123878479,5.29811954498291,0
1260,2263,0.05112575367093086,6.0448784828186035,0
1261,2264,0.07337728142738342,5.797491073608398,0
1262,2265,0.026894759386777878,5.48655366897583,0
1263,2266,0.06571019440889359,5.567403316497803,0
1264,2267,0.038110435009002686,5.57468318939209,0
1265,2595,0.004795164801180363,5.807097434997559,0
1266,2596,0.0028239190578460693,5.807097434997559,0
1267,2597,0.0008997150580398738,5.807097434997559,0
1268,2598,0.000811140111181885,5.902276515960693,0
1269,2599,0.0024515690747648478,5.902276515960693,0
1270,2600,0.00015794449427630752,5.902276515960693,0
1271,2601,1.1776081009884365e-05,5.82755708694458,0
1272,2602,0.0006209361599758267,5.82755708694458,0
1273,2603,0.00020480072998907417,5.82755708694458,0
1274,2604,0.01111394353210926,6.00330114364624,0
1275,2605,0.0,6.00330114364624,0
1276,2606,0.0013162899995222688,5.852695941925049,0
1277,2607,0.002189361024647951,5.852695941925049,0
1278,2608,0.006510182749480009,5.855833053588867,0
1279,2609,0.0005035182693973184,5.855833053588867,0
1280,2610,0.0002461174444761127,5.890577793121338,0
1281,2611,0.0,5.890577793121338,0
1282,2612,0.00012376741506159306,6.008194446563721,0
1283,2613,0.0007186191505752504,6.008194446563721,0
1284,2614,0.0,5.21228551864624,0
1285,2615,0.00037930335383862257,5.1514434814453125,0
1286,2616,0.00026986352168023586,5.1514434814453125,0
1287,2617,0.0,5.243120193481445,0
1288,2618,0.0,5.243120193481445,0
1289,2619,1.219070236402331e-05,5.1420135498046875,0
1290,2620,0.0,5.2391438484191895,0
1291,2621,0.0,5.2391438484191895,0
1292,2622,0.0,5.151996612548828,0
1293,2623,0.0,5.151996612548828,0
1294,2624,0.0,5.040913105010986,0
1295,2625,0.0,5.040913105010986,0
1296,2626,0.0,5.040913105010986,0
1297,2627,0.0,5.088217258453369,0
1298,2628,0.0,5.088217258453369,0
1299,2629,0.0,5.316789627075195,0
1300,2630,0.0,5.316789627075195,0
1301,2631,0.0,5.316789627075195,0
1302,2632,0.0,5.251280307769775,0
1303,2633,0.0,5.251280307769775,0
1304,2634,0.003707194933667779,5.255510330200195,0
1305,2635,0.0,5.255510330200195,0
1306,2636,0.0,5.319232940673828,0
1307,2637,0.0,5.319232940673828,0
1308,2638,0.0,5.319232940673828,0
1309,2639,0.0,5.349305152893066,0
1310,2640,0.0005194707191549242,5.349305152893066,0
1311,2641,0.0,5.176894187927246,0
1312,2642,0.0014040841488167644,5.176894187927246,0
1313,2643,0.0,8.224573135375977,0
1314,2644,0.0,8.224573135375977,0
1315,2645,0.0,8.224573135375977,0
1316,2646,0.0,8.083771705627441,0
1317,2647,0.0,8.173985481262207,0
1318,2648,0.0034894526470452547,8.173985481262207,0
1319,2649,0.0,8.15514850616455,0
1320,2650,7.162945985328406e-05,8.12100887298584,0
1321,2651,0.0,7.913183212280273,0
1322,2652,3.1217874493449926e-05,7.913183212280273,0
1323,2653,0.0,7.913183212280273,0
1324,2654,0.0009794454090297222,8.097439765930176,0
1325,2655,0.0,8.134410858154297,0
1326,2656,0.0,8.134410858154297,0
1327,2657,0.0,8.089075088500977,0
1328,2658,0.0,6.428055763244629,0
1329,2659,0.006188001483678818,6.428055763244629,0
1330,2660,0.004539307672530413,6.491062164306641,0
1331,2661,0.0,6.491062164306641,0
1332,2662,0.0,6.387602806091309,0
1333,2663,0.0,6.123687744140625,0
1334,2664,0.0032676542177796364,6.123687744140625,0
1335,2665,0.00011290027759969234,6.123687744140625,0
1336,2666,0.0,6.2386674880981445,0
1337,2667,0.0,6.2386674880981445,0
1338,2668,0.0026565876323729753,6.415855884552002,0
1339,2669,0.0007076933397911489,4.848540306091309,0
1340,2670,0.024354267865419388,4.848540306091309,0
1341,2671,0.0033004358410835266,4.848540306091309,0
1342,2672,0.003860284574329853,4.415173530578613,0
1343,2673,0.0010120345978066325,4.415173530578613,0
1344,2674,0.002187039703130722,4.54291296005249,0
1345,2675,0.001286485348828137,4.54291296005249,0
1346,2676,0.003000432625412941,4.38497257232666,0
1347,2677,0.00024861854035407305,4.38497257232666,0
1348,2678,0.003406487638130784,4.256591320037842,0
1349,2679,0.00022316591639537364,4.256591320037842,0
1350,2680,0.0037671816535294056,4.256164073944092,0
1351,2681,0.003349216654896736,4.256164073944092,0
1352,2682,0.004661591723561287,4.260382652282715,0
1353,2683,0.003900925861671567,4.260382652282715,0
1354,2684,0.00269254669547081,4.260382652282715,0
1355,2685,0.005724695045500994,4.351296424865723,0
1356,2686,0.0027935346588492393,4.351296424865723,0
1357,2687,0.001965204020962119,4.330113410949707,0
1358,2688,0.0026054130867123604,4.282809257507324,0
1359,2689,0.014875545166432858,4.349666118621826,0
1360,2690,0.005349041428416967,4.349666118621826,0
1361,2691,0.011592572554945946,4.353597164154053,0
1362,2692,0.00469501968473196,4.338053226470947,0
1363,2693,0.02030223421752453,4.338053226470947,0
1364,2694,0.005455121397972107,4.20205020904541,0
1365,2695,0.013107466511428356,4.041931629180908,0
1366,2696,0.010582368820905685,4.041931629180908,0
1367,2697,0.01526398304849863,3.8944969177246094,0
1368,2698,0.007018376607447863,3.8944969177246094,0
1369,2699,0.006577739492058754,4.197466850280762,0
1370,2700,0.013629731722176075,4.197466850280762,0
1371,2701,0.006313899531960487,5.347285270690918,0
1372,2702,0.013982703909277916,5.347285270690918,0
1373,2703,0.0016532110748812556,5.53929328918457,0
1374,2704,0.0014626263873651624,5.53929328918457,0
1375,2705,0.004116032738238573,5.53929328918457,0
1376,2706,0.013775505125522614,5.231483459472656,0
1377,2707,0.015284641645848751,5.231483459472656,0
1378,2708,0.005273838993161917,5.172369003295898,0
1379,2709,0.008043114095926285,5.172369003295898,0
1380,2710,0.01400531455874443,5.083403587341309,0
1381,2711,0.007878017611801624,5.068068027496338,0
1382,2712,0.01836835779249668,4.925325393676758,0
1383,2713,0.011067570187151432,4.925325393676758,0
1384,2714,0.009073425084352493,4.871313095092773,0
1385,2715,0.0025189926382154226,4.871313095092773,0
1386,2716,0.030630001798272133,4.871313095092773,0
1387,2717,0.008415699005126953,4.871313095092773,0
1388,2718,0.024305883795022964,4.81677770614624,0
1389,2719,0.005388503894209862,4.81677770614624,0
1390,2720,0.021190380677580833,4.81677770614624,0
1391,2721,0.0026331201661378145,5.007958889007568,0
1392,2722,0.004440764896571636,5.007958889007568,0
1393,2723,0.0033285743556916714,5.007958889007568,0
1394,2724,0.02029990218579769,5.181883335113525,0
1395,2725,0.00273834983818233,5.249958515167236,0
1396,2726,0.004527428187429905,5.272250175476074,0
1397,2727,0.009172915481030941,5.239319324493408,0
1398,2728,0.012078410014510155,5.239319324493408,0
1399,2729,0.011492186225950718,5.120314121246338,0
1400,2730,0.006168003659695387,5.1961469650268555,0
1401,2731,0.0037484632339328527,5.1961469650268555,0
1402,2732,0.0057614934630692005,4.909125328063965,0
1403,2733,0.025274785235524178,4.909125328063965,0
1404,2734,0.0064695789478719234,5.13788366317749,0
1405,2735,0.003016083035618067,4.982607841491699,0
1406,2736,0.005403686780482531,4.7736077308654785,0
1407,2737,0.003024245146661997,4.7736077308654785,0
1408,2738,0.00699646258726716,4.7736077308654785,0
1409,2739,0.007163158617913723,5.1357421875,0
1410,2740,0.00480046309530735,5.1357421875,0
1411,2741,0.00736189866438508,5.214972019195557,0
1412,2742,0.0060775442980229855,5.214972019195557,0
1413,2743,0.002125308383256197,5.214972019195557,0
1414,2744,0.006885624956339598,5.1732001304626465,0
1415,2745,0.006252561695873737,5.1732001304626465,0
1416,2746,0.00422990508377552,5.2147297859191895,0
1417,2747,0.006044500507414341,5.2147297859191895,0
1418,2748,0.0007989525329321623,5.027980327606201,0
1419,2749,0.011350962333381176,5.027980327606201,0
1420,2750,0.0033279256895184517,5.125497817993164,0
1421,2751,0.003663785755634308,5.125497817993164,0
1422,2752,0.002207800280302763,5.244985103607178,0
1423,2753,0.00907675176858902,5.244985103607178,0
1424,2754,0.003217673161998391,5.35679817199707,0
1425,2755,0.0138822291046381,5.35679817199707,0
1426,2756,0.004941853228956461,5.35679817199707,0
1427,2757,0.01147660706192255,5.105177879333496,0
1428,2758,0.01990595832467079,5.105177879333496,0
1429,2759,0.002657951321452856,5.105177879333496,0
1430,2760,0.026122694835066795,5.277943134307861,0
1431,2761,0.019860874861478806,5.277943134307861,0
1432,2762,0.023569025099277496,5.258944511413574,0
1433,2763,0.01916119083762169,5.258944511413574,0
1434,2764,0.022916646674275398,5.258944511413574,0
1435,2765,0.0340890996158123,5.143239498138428,0
1436,2766,0.04882124066352844,5.185173511505127,0
1437,2767,0.027256255969405174,5.185173511505127,0
1438,2768,0.06458047777414322,5.08857536315918,0
1439,2769,0.058199211955070496,5.291070938110352,0
1440,2770,0.01860077865421772,5.291070938110352,0
1441,2771,0.04007952660322189,5.1979594230651855,0
1442,2772,0.04644282907247543,5.092436790466309,0
1443,2773,0.07155723869800568,5.092436790466309,0
1444,2774,0.024459611624479294,5.190044403076172,0
1445,2775,0.03129909187555313,5.190044403076172,0
1446,2776,0.017201149836182594,5.085077285766602,0
1447,2777,0.04915248975157738,5.085077285766602,0
1448,2778,0.019924696534872055,5.129225254058838,0
1449,2779,0.05383887514472008,5.129225254058838,0
1450,2780,0.053070586174726486,5.178696155548096,0
1451,2781,0.022189369425177574,5.178696155548096,0
1452,2782,0.06455077230930328,5.261020660400391,0
1453,2783,0.031971417367458344,5.261020660400391,0
1454,2784,0.05216170474886894,5.188145637512207,0
1455,2785,0.027415908873081207,5.188145637512207,0
1456,2786,0.038795098662376404,4.522233486175537,0
1457,2787,0.016492249444127083,4.522233486175537,0
1458,2788,0.06455955654382706,4.500339508056641,0
1459,2789,0.045192331075668335,4.500339508056641,0
1460,2790,0.041081346571445465,4.329042434692383,0
1461,2791,0.04465338960289955,4.329042434692383,0
1462,2792,0.02073356881737709,4.329042434692383,0
1463,2793,0.06994324922561646,4.447686672210693,0
1464,2794,0.029245708137750626,4.447686672210693,0
1465,2795,0.06390984356403351,4.447686672210693,0
1466,2796,0.027261264622211456,4.378468036651611,0
1467,2797,0.06581107527017593,4.378468036651611,0
1468,2798,0.029078487306833267,4.378468036651611,0
1469,2799,0.05374937504529953,4.378468036651611,0
1470,2800,0.00530966417863965,4.2075653076171875,0
1471,2801,0.06580755859613419,4.2075653076171875,0
1472,2802,0.01696440950036049,4.300487518310547,0
1473,2803,0.03193425014615059,4.300487518310547,0
1474,2804,0.020270422101020813,4.300487518310547,0
1475,2805,0.03212693706154823,4.346474647521973,0
1476,2806,0.027908779680728912,4.2480854988098145,0
1477,2807,0.04102964699268341,4.2480854988098145,0
1478,2808,0.03988932445645332,4.28449821472168,0
1479,2809,0.029479743912816048,4.28449821472168,0
1480,2810,0.023347387090325356,4.212615489959717,0
1481,2811,0.041779231280088425,4.217959880828857,0
1482,2812,0.031332023441791534,4.217959880828857,0
1483,2813,0.017730100080370903,4.322494983673096,0
1484,2814,0.011668877676129341,4.374044418334961,0
1485,2815,0.010908224619925022,4.374044418334961,0
1486,2816,0.004314236342906952,4.2173357009887695,0
1487,2817,0.0035740206949412823,4.2173357009887695,0
1488,2818,0.029815739020705223,4.2173357009887695,0
1489,2819,0.024294210597872734,4.208723068237305,0
1490,2820,0.018002793192863464,4.208723068237305,0
1491,2821,0.010830428451299667,4.246455669403076,0
1492,2822,0.036502011120319366,4.246455669403076,0
1493,2823,0.0023270854726433754,4.246455669403076,0
1494,2824,0.0160481259226799,4.217907905578613,0
1495,2825,0.0005572952213697135,4.4402570724487305,0
1496,2826,0.003203069092705846,4.4402570724487305,0
1497,2827,0.0013305016327649355,4.334310054779053,0
1498,2828,0.01691284589469433,4.334310054779053,0
1499,2829,0.0042358036153018475,3.962449073791504,0
1500,2830,0.0048547713086009026,3.962449073791504,0
1501,2831,0.01168555673211813,4.218748569488525,0
1502,2832,0.017377549782395363,4.218748569488525,0
1503,2833,0.013569612056016922,4.266273021697998,0
1504,2834,0.0037192318122833967,4.266273021697998,0
1505,2835,0.0012006376637145877,4.266273021697998,0
1506,2836,0.0017602293519303203,4.384415626525879,0
1507,2837,0.001650191959924996,4.384415626525879,0
1508,2838,0.0,4.326145648956299,0
1509,2839,0.0,4.326145648956299,0
1510,2840,0.0,4.326145648956299,0
1511,2841,0.0030162592884153128,4.252243518829346,0
1512,2842,0.0,4.252243518829346,0
1513,2843,0.0026301098987460136,4.264118194580078,0
1514,2844,0.0,4.264118194580078,0
1515,2845,0.0008467884035781026,4.181445121765137,0
1516,2846,0.0012790573528036475,4.181445121765137,0
1517,2847,0.0038301493041217327,4.257482051849365,0
1518,2848,0.0,4.009000778198242,0
1519,2849,0.0,4.009000778198242,0
1520,2850,0.0027990133967250586,4.1053595542907715,0
1521,2851,0.0012695100158452988,4.1053595542907715,0
1522,2852,0.0019974217284470797,4.089748382568359,0
1523,2853,0.0027269329875707626,4.096102714538574,0
1524,2854,0.00178138364572078,4.095843315124512,0
1525,2855,0.0013537777122110128,4.095843315124512,0
1526,2856,0.0006916294805705547,4.095843315124512,0
1527,2857,0.0022607496939599514,4.170809268951416,0
1528,2858,0.0,4.170809268951416,0
1529,2859,0.0,3.701432228088379,0
1530,2860,0.0008280914044007659,3.701432228088379,0
1531,2861,0.0002722854260355234,3.701432228088379,0
1532,2862,0.0,3.8463146686553955,0
1533,2863,0.0007604379788972437,3.8343732357025146,0
1534,2864,0.0,3.8343732357025146,0
1535,2865,0.0,3.9041919708251953,0
1536,2866,0.0,3.8666579723358154,0
1537,2867,0.0015015421668067575,3.8666579723358154,0
1538,2868,0.0,3.755059003829956,0
1539,2869,0.014569537714123726,3.755059003829956,0
1540,2870,0.01588444411754608,3.822885274887085,0
1541,2871,0.008976814337074757,3.9076361656188965,0
1542,2872,0.0013263142900541425,3.9076361656188965,0
1543,2873,0.021151084452867508,3.9533474445343018,0
1544,2874,0.0,3.9533474445343018,0
1545,2875,0.017694693058729172,3.7254629135131836,0
1546,2876,0.001622389187105,3.7254629135131836,0
1547,2877,0.00769669096916914,3.7254629135131836,0
1548,2878,0.013804474845528603,3.9065377712249756,0
1549,2879,0.0,3.9065377712249756,0
1550,2880,0.010086706839501858,3.84861159324646,0
1551,2881,0.04360894486308098,3.84861159324646,0
1552,2882,0.028102975338697433,3.84861159324646,0
1553,2883,0.01626700349152088,3.6643431186676025,0
1554,2884,0.043777622282505035,3.6643431186676025,0
1555,2885,0.009831585921347141,3.807462692260742,0
1556,2886,0.04196027293801308,3.807462692260742,0
1557,2887,0.013765004463493824,3.8706047534942627,0
1558,2888,0.035368118435144424,3.8706047534942627,0
1559,2889,0.010139605961740017,3.8289780616760254,0
1560,2890,0.016071787104010582,3.752127170562744,0
1561,2891,0.005916158203035593,3.752127170562744,0
1562,2892,0.03560788184404373,3.858557939529419,0
1563,2893,0.017761316150426865,3.6356167793273926,0
1564,2894,0.03374588117003441,3.6356167793273926,0
1565,2895,0.023856980726122856,3.485830545425415,0
1566,2896,0.02065637707710266,3.485830545425415,0
1567,2897,0.0031500677578151226,3.6906509399414062,0
1568,2898,0.01995902694761753,3.6906509399414062,0
1569,2899,0.001133150071837008,3.426313877105713,0
1570,2900,0.015455755405128002,3.426313877105713,0
1571,2901,0.00387401832267642,4.099579811096191,0
1572,2902,0.03878869488835335,4.099579811096191,0
1573,2903,0.012654394842684269,4.102889537811279,0
1574,2904,0.021539006382226944,4.102889537811279,0
1575,2905,0.014463327825069427,3.9808459281921387,0
1576,2906,0.0391046516597271,4.130990505218506,0
1577,2907,0.010378404520452023,4.130990505218506,0
1578,2908,0.04502517357468605,4.130990505218506,0
1579,2909,0.006249376107007265,3.959005355834961,0
1580,2910,0.02078535407781601,3.959005355834961,0
1581,2911,0.0079989954829216,3.8881893157958984,0
1582,2912,0.025315113365650177,3.8881893157958984,0
1583,2913,0.007794230245053768,3.729635238647461,0
1584,2914,0.018104461953043938,3.729635238647461,0
1585,2915,0.007110954727977514,3.729635238647461,0
1586,2916,0.018909327685832977,3.8739867210388184,0
1587,2917,0.008362707681953907,3.8739867210388184,0
1588,2918,0.016316978260874748,3.8739867210388184,0
1589,2919,0.023721996694803238,3.788600206375122,0
1590,2920,0.015603391453623772,3.788600206375122,0
1591,2921,0.013083492405712605,5.095034122467041,0
1592,2922,0.009862196631729603,5.014382362365723,0
1593,2923,0.02639142796397209,5.014382362365723,0
1594,2924,0.006131131201982498,5.014382362365723,0
1595,2925,0.022747471928596497,5.211116313934326,0
1596,2926,0.008341104723513126,5.220678806304932,0
1597,2927,0.01780792511999607,5.23249626159668,0
1598,2928,0.01733209565281868,5.042764186859131,0
1599,2929,0.032002393156290054,5.076476573944092,0
1600,2930,0.010958213359117508,5.111666202545166,0
1601,2931,0.03498411178588867,5.03857421875,0
1602,2932,0.025965334847569466,5.040313243865967,0
1603,2933,0.037297073751688004,5.040313243865967,0
1604,2934,0.025503678247332573,5.040313243865967,0
1605,2935,0.056756917387247086,4.881350994110107,0
1606,2936,0.032590098679065704,4.934546947479248,0
1607,2937,0.04507198557257652,4.691156387329102,0
1608,2938,0.03207530453801155,4.691156387329102,0
1609,2939,0.06348016113042831,4.691156387329102,0
1610,2940,0.019426997750997543,4.68695068359375,0
1611,2941,0.017851192504167557,4.68695068359375,0
1612,2942,0.03643590956926346,4.742743968963623,0
1613,2943,0.019890224561095238,4.673299312591553,0
1614,2944,0.02181987464427948,5.164574146270752,0
1615,2945,0.010710049420595169,5.164574146270752,0
1616,2946,0.023663727566599846,4.979183197021484,0
1617,2947,0.005530442576855421,4.5946125984191895,0
1618,2948,0.03188586235046387,4.5946125984191895,0
1619,2949,0.006365338806062937,4.5946125984191895,0
1620,2950,0.021330123767256737,4.387425422668457,0
1621,2951,0.00432928279042244,4.387425422668457,0
1622,2952,0.015424325130879879,4.901614665985107,0
1623,2953,0.010279756970703602,4.4512619972229,0
1624,2954,0.02381235361099243,4.4512619972229,0
1625,2955,0.006341102067381144,4.4512619972229,0
1626,2956,0.011490622535347939,4.4512619972229,0
1627,2957,0.004524304531514645,4.425624370574951,0
1628,2958,0.01397080160677433,4.425624370574951,0
1629,2959,0.007550712674856186,4.413994312286377,0
1630,2960,0.01949544996023178,4.413994312286377,0
1631,2961,0.009555604308843613,4.403221130371094,0
1632,2962,0.010665166191756725,4.403221130371094,0
1633,2963,0.01441334467381239,4.415430068969727,0
1634,2964,0.006447976920753717,4.415430068969727,0
1635,2965,0.01713147759437561,4.573997497558594,0
1636,2966,0.015270539559423923,4.536393642425537,0
1637,2967,0.008860209956765175,3.430908679962158,0
1638,2968,0.002017970895394683,0.9107252955436707,1
1639,2969,0.009230055846273899,0.9107252955436707,1
1640,2970,0.007683932315558195,0.8094486594200134,1
1641,2971,0.009247682057321072,1.2883890867233276,1
1642,2972,0.00832104217261076,1.2883890867233276,1
1643,2973,0.003983222413808107,1.5657997131347656,1
1644,2974,0.0,1.5657997131347656,1
1645,2975,0.015805626288056374,1.7845360040664673,1
1646,2976,0.0025622439570724964,1.7828902006149292,1
1647,2977,0.011039221659302711,1.7828902006149292,1
1648,2978,0.00981874018907547,1.6163619756698608,1
